유상은 2 디지털미디어학과 01012543256 75 68 80
장수진 3 디지절미디어학과 01074588965 80 85 87
최수진 4 컴퓨터공학과 01012345678 72 64 80
강소현 5 컴퓨터공학과 01081234567 30 43 50
최윤영 6 디지털미디어학과 01078123456 76 62 62
양서윤 7 디지털미디어학과 01098745631 99 80 96
황소연 8 수학과 01085219632 27 11 36
백화경 9 수학과 01074128536 69 52 65
배주현 10 컴퓨터공학과 01043210909 72 73 99
강슬기 11 디지털미디어학과 01087658080 88 78 80
김예림 12 컴퓨터공학과 01079123455 40 34 55
박수영 13 수학과 01098879630 89 78 75
손승완 14 수학과 01023459632 65 61 68
임윤아 15 수학과 01099095677 96 92 97
김태연 16 컴퓨터공학과 010337792424 72 78 80
김효연 17 컴퓨터공학과 01031247897 35 43 50
최수영 18 디지털미디어학과 01058690087 66 56 62
권유리 19 디지털미디어학과 01037859011 91 80 96
이지은 20 수학과 01085239637 57 60 46
김태리 21 수학과 01098768531 72 68 65
신혜선 22 컴퓨터공학과 01078593433 72 73 99
정유미 23 디지털미디어학과 01080224507 81 78 90
신세경 24 컴퓨터공학과 01057683356 89 52 75
구혜선 25 수학과 01081124564 40 54 55
배수지 26 수학과 01015219637 65 49 68
정수정 27 수학과 01040128532 92 86 97
오연서 28 수학과 01098745631 40 36 55
송지효 29 수학과 01085219632 65 42 68
박은빈 30 수학과 01074118506 91 82 97
김다미 31 디지털미디어학과 01092496855 88 78 81
김유정 32 컴퓨터공학과 01011250155 89 71 75
이솜 33 수학과 01028715632 40 54 55
김지원 34 수학과 01084219032 75 66 68
윤승아 35 수학과 01076980455 93 79 97
한지민 36 컴퓨터공학과 01012560157 72 78 80
전지현 37 컴퓨터공학과 01065234561 55 48 50
조보아 38 디지털미디어학과 01031332145 66 51 72
정려원 39 디지털미디어학과 01013531177 99 79 96
고아라 40 수학과 01022276883 77 64 86
공효진 41 수학과 01031128666 69 52 65
이하늬 42 컴퓨터공학과 01091113890 99 92 99
임나연 43 디지털미디어학과 01081235552 88 78 83
유정연 44 컴퓨터공학과 01011301224 89 68 85
안희연 45 수학과 01076773124 93 74 65
유인나 46 수학과 01098762657 65 46 68
배두나 47 수학과 01074128536 91 92 97
한고은 48 수학과 01013142737 40 34 55
김도연 49 수학과 01012259933 65 56 78
최유정 50 수학과 01052528282 32 45 58